[gd_scene load_steps=8 format=3 uid="uid://ceykv6q1a00sa"]

[ext_resource type="PackedScene" uid="uid://bmmdi4m1cdpdm" path="res://assets/models/cat/cat.glb" id="1_tidaq"]
[ext_resource type="Script" path="res://scripts/swing.gd" id="2_3l0kp"]

[sub_resource type="CapsuleShape3D" id="CapsuleShape3D_ftbg8"]
radius = 6.19259
height = 40.768

[sub_resource type="CapsuleMesh" id="CapsuleMesh_n6bww"]
radius = 6.107
height = 40.048

[sub_resource type="Animation" id="Animation_qsafm"]
length = 0.001
tracks/0/type = "value"
tracks/0/imported = false
tracks/0/enabled = true
tracks/0/path = NodePath("group_0_16345508:rotation")
tracks/0/interp = 1
tracks/0/loop_wrap = true
tracks/0/keys = {
"times": PackedFloat32Array(0),
"transitions": PackedFloat32Array(1),
"update": 0,
"values": [Vector3(0, 0, 0.405689)]
}

[sub_resource type="Animation" id="Animation_ev4my"]
resource_name = "swing"
length = 0.25
step = 0.01
tracks/0/type = "value"
tracks/0/imported = false
tracks/0/enabled = true
tracks/0/path = NodePath("group_0_16345508:rotation")
tracks/0/interp = 1
tracks/0/loop_wrap = true
tracks/0/keys = {
"times": PackedFloat32Array(0, 0.04, 0.14, 0.25),
"transitions": PackedFloat32Array(1, 1, 1, 1),
"update": 0,
"values": [Vector3(0, 0, 0.405689), Vector3(0.20944, 0.113446, 0.989602), Vector3(0.602139, 0.148353, -0.249582), Vector3(0, 0, 0.404916)]
}

[sub_resource type="AnimationLibrary" id="AnimationLibrary_4oevl"]
_data = {
"RESET": SubResource("Animation_qsafm"),
"swing": SubResource("Animation_ev4my")
}

[node name="cat" instance=ExtResource("1_tidaq")]
transform = Transform3D(0.0237074, -0.0653224, 0.0719094, 0.0930099, 0.0366376, 0.00261769, -0.0280558, 0.0662622, 0.0694421, 0.2, -0.12, 0.129)
script = ExtResource("2_3l0kp")

[node name="group_0_16345508" parent="." index="0"]
transform = Transform3D(0.918831, -0.394652, 0, 0.394652, 0.918831, 0, 0, 0, 1, -7.65642, -8.87855, -22.8163)
layers = 2

[node name="Area3D" type="Area3D" parent="." index="1"]
transform = Transform3D(1, 0, 0, 0, 1, 0, 0, 0, 1, 3, 3.99878, 1.0805)

[node name="CollisionShape3D" type="CollisionShape3D" parent="Area3D" index="0" groups=["paw"]]
transform = Transform3D(0.0573517, -0.996336, -0.0634466, -0.846065, -0.0147681, -0.532877, 0.529988, 0.0842412, -0.843812, 12.1197, 2.68151, -10.6409)
shape = SubResource("CapsuleShape3D_ftbg8")

[node name="MeshInstance3D" type="MeshInstance3D" parent="Area3D/CollisionShape3D" index="0"]
transform = Transform3D(0.999946, 0.0075593, 0.00688395, -0.00757633, 0.999968, 0.00246906, -0.00686516, -0.00252101, 0.999973, 0, 0, 0)
visible = false
mesh = SubResource("CapsuleMesh_n6bww")
skeleton = NodePath("../..")

[node name="AnimationPlayer" type="AnimationPlayer" parent="." index="2"]
libraries = {
"": SubResource("AnimationLibrary_4oevl")
}

[connection signal="body_entered" from="Area3D" to="." method="_on_area_3d_body_entered"]
[connection signal="body_exited" from="Area3D" to="." method="_on_area_3d_body_exited"]
